0 0 0
1.0 0.0 0.0 0.0
0.0 1.0 0.0 0.0
0.0 0.0 1.0 0.0
0.0 0.0 0.0 1.0
0 0 0
0.9989066193954858 0.0036110992278719474 -0.046610360331673865 -0.003876805538
-0.0034100704953874727 0.9999845418215741 0.004391757861371332 -0.009493780322
0.04662549889382956 -0.004228011383959567 0.9989034922216653 -0.008317623287
0.0 0.0 0.0 1.0
0 0 0
0.9891318094319239 0.037054596840427945 -0.1422856999944879 -0.01007254701
-0.036402109020636716 0.9993113802007773 0.007186922851069829 -0.0117346691
0.1424540277730951 -0.0019293144406493847 0.989799539157809 -0.02119425125
0.0 0.0 0.0 1.0
0 0 0
0.9752047829976207 0.04839513787509764 -0.21594800728095145 -0.01480471157
-0.043703250661634385 0.9986942974839719 0.026452335522638037 -0.01826268062
0.21694620784924987 -0.016358814231054612 0.9760464805001778 -0.03037869558
0.0 0.0 0.0 1.0
0 0 0
0.9550238010259482 0.07223131063517792 -0.2875972483141564 -0.03512133285
-0.06277994495300797 0.9971447742535615 0.04196400470058965 -0.01430120599
0.2898072083051893 -0.022021283857628575 0.9568316701863575 -0.04347700253
0.0 0.0 0.0 1.0
0 0 0
0.9400401269295813 0.0853637134221199 -0.3302084132680494 -0.04046710581
-0.07289956885770996 0.9960865755257322 0.049971861259909996 -0.01416131016
0.33318195122571803 -0.022903503841243907 0.942584328794627 -0.07294693589
0.0 0.0 0.0 1.0
0 0 0
0.9141840639964852 0.11277894370749848 -0.3892921871693435 -0.04177510738
-0.08883062933202783 0.992905402793872 0.07904416736998882 -0.01906982809
0.3954448336081104 -0.0376798481812204 0.9177165208351074 -0.1006075442
0.0 0.0 0.0 1.0
0 0 0
0.8975514911664664 0.13856753834795987 -0.4185694184015828 -0.04872773215
-0.10007550939806831 0.988579460460256 0.11267449922154595 -0.03221773729
0.42940215780031865 -0.05924261702774182 0.901168185858852 -0.1152014881
0.0 0.0 0.0 1.0
0 0 0
0.894287182498547 0.15661805675054125 -0.41919114914140865 -0.0546733737
-0.11187270215605344 0.9852554600144892 0.12944565278115874 -0.04373677447
0.4332838950747113 -0.06886554153799707 0.8986226145927805 -0.1218610629
0.0 0.0 0.0 1.0
0 0 0
0.8759069509605414 0.17067751235833115 -0.4512828381782089 -0.0586550571
-0.10737954329723362 0.9808411120280611 0.16254336848002773 -0.07156918943
0.47037925862040864 -0.09391432122274143 0.8774528211413913 -0.1429558545
0.0 0.0 0.0 1.0
0 0 0
0.8649106195574606 0.19297403857770518 -0.4633472138814909 -0.0599094592
-0.1099220398916168 0.9735534209179678 0.20027701257255698 -0.0960977897
0.4897415290975389 -0.12228964409929687 0.8632487924250296 -0.1529624611
0.0 0.0 0.0 1.0
0 0 0
0.8549944479882929 0.2367614438958796 -0.46144177595177976 -0.06766111404
-0.13049243490426732 0.959301977558079 0.2504225235195797 -0.1211922541
0.5019524064509999 -0.15389520634996123 0.851093442061771 -0.1668819189
0.0 0.0 0.0 1.0
0 0 0
0.8506252310338207 0.2513092639943579 -0.4618228774749831 -0.0764041692
-0.14061396432150966 0.9551120151015955 0.2607465275825525 -0.1443291903
0.5066205970610042 -0.15685882965005105 0.8477799703899402 -0.1802222729
0.0 0.0 0.0 1.0
0 0 0
0.8237816902492503 0.2706934158113406 -0.4981052112219636 -0.08232323825
-0.1522996110676076 0.952008924639993 0.265487920392736 -0.1592263281
0.5460664385207571 -0.14284285786203293 0.8254740230189339 -0.1928370893
0.0 0.0 0.0 1.0
0 0 0
0.8127554717747925 0.2833276205625801 -0.5090717066646714 -0.09244579077
-0.1548231442821088 0.9474030610042535 0.2801021849153842 -0.1760888994
0.5616567787312247 -0.1488385011551695 0.8138726948848615 -0.203142345
0.0 0.0 0.0 1.0
0 0 0
0.7972270287623913 0.29916439768844627 -0.5243374178583848 -0.0998756066
-0.15634134821682621 0.9412538166936634 0.29933031152450384 -0.1885147542
0.5830835681516282 -0.15665859604669194 0.7971647488670363 -0.2121657282
0.0 0.0 0.0 1.0
0 0 0
0.7676814468393172 0.3313522933045254 -0.5485169586261891 -0.1114920825
-0.1758498350251092 0.9320128074501086 0.3169052891174404 -0.1989817023
0.6162321248525873 -0.14682569417781877 0.7737571866088657 -0.2247113138
0.0 0.0 0.0 1.0
0 0 0
0.7508864947899069 0.366536292225528 -0.5493820332188607 -0.1261295676
-0.1963367469332808 0.9181345563728466 0.34421042720651707 -0.2080917209
0.630572243082253 -0.15059907992945523 0.7613793820288395 -0.2256131172
0.0 0.0 0.0 1.0
0 0 0
0.7191648621763562 0.39216008281810616 -0.5735959993366051 -0.1337285638
-0.21096112032525732 0.9097738316586826 0.35750102229251207 -0.2163370401
0.6620402606503435 -0.13609571879076515 0.7370079026746253 -0.2318042219
0.0 0.0 0.0 1.0
0 0 0
0.693147360491007 0.4093774138414267 -0.5932595297851148 -0.1339050829
-0.22493635179063276 0.9048108482847155 0.3615535457845965 -0.2192232013
0.6847995139363571 -0.11716425164186763 0.7192511132071542 -0.2395869195
0.0 0.0 0.0 1.0
0 0 0
0.6734935559448052 0.4166779354258468 -0.6105619773864693 -0.1368459612
-0.2371192259663248 0.9041164048121499 0.3554546373683758 -0.2294322252
0.7001292043458497 -0.09462042421595038 0.707718921990391 -0.2512178421
0.0 0.0 0.0 1.0
0 0 0
0.6334069810609949 0.4310835879799099 -0.6426216122397096 -0.1440351754
-0.25156390055389016 0.9000593255852128 0.35582132365163877 -0.2316253334
0.7317863077984644 -0.06371931105606082 0.678548929051717 -0.2668146789
0.0 0.0 0.0 1.0
0 0 0
0.6114580226343698 0.4438133607713619 -0.6550944873504091 -0.1605958045
-0.2593396797296764 0.8945699538326182 0.36398836275026203 -0.2308170497
0.7475707438589175 -0.052671610007065245 0.6620903899208085 -0.2725038826
0.0 0.0 0.0 1.0
0 0 0
0.574530073952796 0.4650158388781499 -0.6735543509741774 -0.1822576821
-0.2726706067761797 0.8846638458467173 0.3781806711771577 -0.2326123863
0.7717291845745532 -0.03361769540206552 0.6350621357251187 -0.2825970054
0.0 0.0 0.0 1.0
0 0 0
0.5334122392366067 0.4701297700707385 -0.7031709481525978 -0.1975169033
-0.28035777785724797 0.8825874230087517 0.3774108598619238 -0.2342317551
0.7980419158337078 -0.0041761273933255405 0.6025874712707358 -0.2940350771
0.0 0.0 0.0 1.0
0 0 0
0.5077353422975027 0.4742028822658113 -0.7192610434555976 -0.2050677985
-0.28762100960217885 0.8802827872152887 0.3773279334582932 -0.2387046218
0.8120831096737952 0.015291860033359722 0.58334139403891 -0.3058431745
0.0 0.0 0.0 1.0
0 0 0
0.44873533713089087 0.48576261190923803 -0.7501141793628093 -0.21154131
-0.3075976926793916 0.8720361163884714 0.3807054913872755 -0.2493658513
0.8390591496839425 0.05989738379284479 0.5407328792910898 -0.3224327266
0.0 0.0 0.0 1.0
0 0 0
0.39731973601564996 0.4897724090440969 -0.7760541313024474 -0.2176199406
-0.31636204116038014 0.8669312071436744 0.3851562552954963 -0.2554730773
0.8614244518733447 0.09248388735100499 0.49939427739528053 -0.3412789106
0.0 0.0 0.0 1.0
0 0 0
0.3545115989613926 0.5046083650373094 -0.7872051347242411 -0.2180576473
-0.33258783990064966 0.8548772571532584 0.39820874419372265 -0.2641987801
0.873903229741175 0.12064523669211036 0.4708905094726884 -0.3449313045
0.0 0.0 0.0 1.0
0 0 0
0.315763736685918 0.4930355285672623 -0.8106844208226442 -0.2229181826
-0.32728754842648755 0.8585559097007958 0.39467025548274903 -0.2704453766
0.8906043584213617 0.14070436200857162 0.4324652116328377 -0.3539711833
0.0 0.0 0.0 1.0
0 0 0
0.28661265423967364 0.49065212643068123 -0.8228691738415894 -0.22639741
-0.3368797801754746 0.8556665223230088 0.39286997376304 -0.2749274671
0.8968640923454416 0.1646064804456333 0.4105356336016256 -0.3709319234
0.0 0.0 0.0 1.0
0 0 0
0.27504884983197053 0.4956380814297893 -0.8238270585764392 -0.2343181521
-0.34220133226514354 0.8512306786172094 0.3978750808694181 -0.2723009288
0.8984689078660825 0.17247963363099622 0.4037380308819648 -0.3863365352
0.0 0.0 0.0 1.0
0 0 0
0.2679811486531307 0.49934743509101776 -0.8239164053680265 -0.2491007447
-0.3382042294201646 0.8495289563505098 0.4048684373031889 -0.2631977499
0.9021108596890189 0.1701549041022189 0.3965391600347984 -0.3865681887
0.0 0.0 0.0 1.0
0 0 0
0.2748711425249887 0.4933273056778753 -0.8252720911793974 -0.2509928346
-0.3556884880682206 0.8496147055955158 0.3894105179519275 -0.2494166344
0.8932701464074295 0.18650206837580463 0.40900540831240373 -0.3949002028
0.0 0.0 0.0 1.0
0 0 0
0.2850945892988992 0.4796514109600731 -0.8298527574916545 -0.2464720309
-0.3586278984841847 0.8562775173768487 0.371718769587652 -0.242515564
0.8888796912863457 0.1916333405202541 0.41613646466001875 -0.4071789682
0.0 0.0 0.0 1.0
0 0 0
0.28853406510391366 0.46483474284492105 -0.8370643673690255 -0.2608016133
-0.3576764744881816 0.8632829270242868 0.3561040964466503 -0.2336218059
0.8881529332678668 0.19665006929232487 0.41534698430951456 -0.4292031229
0.0 0.0 0.0 1.0
0 0 0
0.3087737192189807 0.4532807047228524 -0.8361790436537097 -0.2807279229
-0.3558118038235747 0.8703532041931239 0.34041630426666764 -0.2222017348
0.8820752522202923 0.19241076549069885 0.4300248210787271 -0.4414859414
0.0 0.0 0.0 1.0
0 0 0
0.2835474806143302 0.4516124059600003 -0.8459592549409728 -0.2865979373
-0.3546288738328347 0.8690089370192194 0.3450533715597947 -0.2106117904
0.8909765362125545 0.20216256370492086 0.40656009365766876 -0.4487493634
0.0 0.0 0.0 1.0
0 0 0
0.25441469806527384 0.44271651006748136 -0.8598111729455634 -0.2859590948
-0.354038014993859 0.8699846635716828 0.343196400169457 -0.1951404214
0.8999612465809647 0.2170916324129875 0.3780753599333083 -0.4593791366
0.0 0.0 0.0 1.0
0 0 0
0.2695063890189437 0.45440365188166065 -0.8490486602277757 -0.2983665168
-0.36706925209295105 0.8635826045427912 0.3456663843925392 -0.1819376945
0.8902957207837695 0.21850035763746417 0.3995386380144089 -0.4688576162
0.0 0.0 0.0 1.0
0 0 0
0.2932687498508047 0.43548267214688546 -0.8510865306305547 -0.3260090947
-0.3631467224655686 0.8742489184973296 0.3222006928433965 -0.1664443612
0.8843742976384271 0.21457788974183176 0.4145339924668191 -0.5003710985
0.0 0.0 0.0 1.0
0 0 0
0.3172217578203088 0.4286011823240716 -0.8459736301302785 -0.3471856415
-0.35566740354348075 0.8807035154120783 0.31282905235518976 -0.146963045
0.8791308517064067 0.20164906260931437 0.4318177869504134 -0.5219259858
0.0 0.0 0.0 1.0
0 0 0
0.3237877896964007 0.4348290645751969 -0.8402887312371733 -0.3756803572
-0.3347342405535718 0.8833390309482292 0.3281236727279316 -0.1440414786
0.8849375432450263 0.17503097155675756 0.4315665690844862 -0.5298374891
0.0 0.0 0.0 1.0
0 0 0
0.35735933782892615 0.44054674650452497 -0.8235368041628434 -0.3853444159
-0.3288475702087942 0.8846481625683135 0.3305403213411022 -0.1291861981
0.8741587837654231 0.15269640666624984 0.4610100087383914 -0.5425447822
0.0 0.0 0.0 1.0
0 0 0
0.44495670130133125 0.4246200893358049 -0.7884867238574731 -0.4230999053
-0.3019398264097956 0.9000273881298857 0.31429769621128073 -0.1062283739
0.8431167624918037 0.09822667839517446 0.5286829337672916 -0.56461972
0.0 0.0 0.0 1.0
0 0 0
0.5074343228351353 0.4112630420244776 -0.7572140504993423 -0.4425120652
-0.2818877566417368 0.9096304750995933 0.3051420839962545 -0.09061995149
0.8142786382217924 0.05860980323172106 0.5775077404683009 -0.5716687441
0.0 0.0 0.0 1.0
0 0 0
0.5570460276932133 0.3950071567965011 -0.7305265697500373 -0.4559727013
-0.26866915023018645 0.9180534824370131 0.29153848991147346 -0.07738990337
0.785822251368464 0.03386959499045131 0.6175242827528173 -0.5826525688
0.0 0.0 0.0 1.0
0 0 0
0.6036568215842795 0.38330403482955355 -0.6990539740521828 -0.4765206277
-0.2617214762041158 0.923520533897788 0.2803777672403484 -0.06152065098
0.7530606287997694 0.013705486220085272 0.65780836799114 -0.5992034674
0.0 0.0 0.0 1.0
0 0 0
0.6363894536317817 0.37579458353276696 -0.6736370642220311 -0.4994326532
-0.2669315750739958 0.926633785532833 0.26475906356082934 -0.05016830191
0.723709884922652 0.011325126777470773 0.690011408578667 -0.6101267934
0.0 0.0 0.0 1.0
0 0 0
0.6596057413618382 0.36545517489814094 -0.6567821412787264 -0.5193689466
-0.26988458115488967 0.9307169208904023 0.2468366383321941 -0.03956497833
0.7014859790597024 0.014440509286649805 0.7125369414101929 -0.6205552816
0.0 0.0 0.0 1.0
0 0 0
0.7005297786880215 0.3297187441487512 -0.6328851230107106 -0.5283592939
-0.2410486839074753 0.9440655404768944 0.2250239704354703 -0.02616459504
0.6716796566502412 -0.00507986624230751 0.7408242934739482 -0.6396805644
0.0 0.0 0.0 1.0
0 0 0
0.7430789699924238 0.3006828936824332 -0.5978490125456066 -0.5360895395
-0.21458333749408218 0.9532590674598836 0.21272315712073672 -0.01252551656
0.6338672066173634 -0.029781668057235894 0.7728683048377837 -0.6561009288
0.0 0.0 0.0 1.0
0 0 0
0.7690709635783749 0.2670409263975112 -0.5807056023575017 -0.5428832173
-0.18215118733191032 0.9624349455554543 0.20134527689331327 -0.003580944845
0.6126587940560433 -0.04907259115258404 0.788822592769354 -0.6614330411
0.0 0.0 0.0 1.0
0 0 0
0.7806374481051237 0.24992283413731928 -0.5728383293676238 -0.541560173
-0.1712802255649741 0.9670238249311429 0.18848874328710952 0.005531859584
0.6010559532575415 -0.04902549328984139 0.797701850355981 -0.6643133163
0.0 0.0 0.0 1.0
0 0 0
0.7887876421384228 0.22981496326414955 -0.5700869567615148 -0.5460211635
-0.15250591968617236 0.9716461402907839 0.18068127329277145 0.01915167645
0.5954460513517428 -0.05557751989716721 0.8014706103231095 -0.6718625426
0.0 0.0 0.0 1.0
0 0 0
0.7972544648586161 0.20810851387073964 -0.5666358307745053 -0.552980125
-0.14396166867150412 0.9771574994810587 0.15632741014051538 0.03305378556
0.5862255165175921 -0.04305888598694817 0.8090028282529333 -0.6805365086
0.0 0.0 0.0 1.0
0 0 0
0.8176452500732861 0.1638270235960174 -0.551921145973103 -0.5595158339
-0.11352898834940565 0.9857155621990703 0.12440256927785423 0.04679841548
0.5644177653449207 -0.03905812051597942 0.8245647636085388 -0.6884019971
0.0 0.0 0.0 1.0
0 0 0
0.8231994228876052 0.15438713798029294 -0.5463582357609043 -0.5668739676
-0.102968244220367 0.9869570770967164 0.12374679248724388 0.05706867948
0.5583370405406476 -0.045610739908053734 0.8283594688088929 -0.6922189593
0.0 0.0 0.0 1.0
0 0 0
0.8137198583684986 0.1494379624493724 -0.5617190467446609 -0.57561481
-0.10743527220212362 0.9884029808036512 0.10731826417396383 0.07037442178
0.571242202908369 -0.026978564035860922 0.8203380417236279 -0.6983444691
0.0 0.0 0.0 1.0
0 0 0
0.8011281384878925 0.16597667428921953 -0.5750177817379342 -0.5836258531
-0.12800830303620148 0.9860622011881689 0.10627892425939886 0.08152918518
0.5846431219784564 -0.011535986296514124 0.8112085680905069 -0.7031581402
0.0 0.0 0.0 1.0
0 0 0
0.815033435967787 0.16849712571355271 -0.5543728139806411 -0.5906536579
-0.13195645117927682 0.9856178655431133 0.10556949424151173 0.09132707119
0.564187905973457 -0.012889598461886045 0.8255457982479089 -0.7073708177
0.0 0.0 0.0 1.0
0 0 0
0.8282831604164517 0.1755107858756925 -0.5321118023609619 -0.6021271944
-0.12888740158654818 0.9838888189674881 0.12389846497446719 0.09555334598
0.5452843697400489 -0.03404050457995945 0.8375596696147322 -0.7110895514
0.0 0.0 0.0 1.0
0 0 0
0.8386994716169469 0.18111094187931756 -0.5135971408030232 -0.6155719757
-0.13272895350160605 0.9826218108841539 0.12975901385689756 0.09960968792
0.5281725297777445 -0.04065960533911381 0.8481630593711595 -0.7122476697
0.0 0.0 0.0 1.0
0 0 0
0.8608229548344595 0.1835562720155558 -0.47464822282804514 -0.6219334006
-0.12241915066085768 0.9799880026757154 0.1569619895488597 0.08513171971
0.49396092151256715 -0.07701045133885015 0.866066971084247 -0.7087680697
0.0 0.0 0.0 1.0
0 0 0
0.8629064585188694 0.18325602120673012 -0.4709667446199374 -0.626973033
-0.12039944726419793 0.9796500913208582 0.1605916301477438 0.06691560894
0.4908119975559873 -0.08187141910650261 0.8674103145504952 -0.7041891813
0.0 0.0 0.0 1.0
0 0 0
0.8871309606692765 0.19714905006591915 -0.4172899599560385 -0.6411195993
-0.13179870905846053 0.9747377314170559 0.18032042380843805 0.06055390835
0.4422982691719806 -0.10496955277620813 0.890704010363394 -0.6961125731
0.0 0.0 0.0 1.0
0 0 0
0.918193245626694 0.1598946239424066 -0.3624291281338104 -0.6556531787
-0.09632568435235216 0.977578503167718 0.1872475171488664 0.04097094759
0.38424279592409877 -0.13701817170974206 0.9130079377539667 -0.693346262
0.0 0.0 0.0 1.0
0 0 0
0.9417521466419314 0.15182964916698727 -0.3000844080073866 -0.6689068079
-0.09306296445278459 0.9750989701605194 0.20129898916575387 0.03290499002
0.3231751521119374 -0.16164701056847328 0.9324312655803119 -0.6917055845
0.0 0.0 0.0 1.0
0 0 0
0.9577023615536302 0.1219627498973492 -0.2606362874046445 -0.6748034954
-0.06902281448610909 0.9766602157755985 0.20339782201778306 0.02770217694
0.2793600503919914 -0.1768047243674168 0.9437680073441491 -0.6821305752
0.0 0.0 0.0 1.0
0 0 0
0.9611244344680766 0.1125211033370481 -0.25214841417751027 -0.687625289
-0.06049388562144986 0.9768235220199077 0.20531998595129927 0.01093384996
0.2694073333649974 -0.18208461805555168 0.9456557939317692 -0.683513701
0.0 0.0 0.0 1.0
0 0 0
0.9564838283711905 0.13319222750427348 -0.25961224277148565 -0.6851518154
-0.07628451379282725 0.9729390519371193 0.2181061075969481 0.001285971259
0.28163692765648274 -0.18881057107097948 0.9407609734847995 -0.6961369514
0.0 0.0 0.0 1.0
0 0 0
0.9666076887792573 0.11523390310277687 -0.22889019980882172 -0.6869046092
-0.06283425399125045 0.9725032311215323 0.2242528081954444 -0.01000135764
0.2484379852562517 -0.20238234368116104 0.9472697369007071 -0.6978479624
0.0 0.0 0.0 1.0
0 0 0
0.9774574173677167 0.07440513031182992 -0.197587635787548 -0.6889570951
-0.028865626477173955 0.9741529342826607 0.22403757773320623 -0.03220097348
0.20915012034639952 -0.2132837012332676 0.9543407619646794 -0.6859837174
0.0 0.0 0.0 1.0
0 0 0
0.9871625143976855 0.03263824008172542 -0.15634869827538306 -0.6810869575
0.008225473475517182 0.9672106128212441 0.2538424157465747 -0.05655611679
0.15950708998079893 -0.25186975945976714 0.9545255955266659 -0.6688323021
0.0 0.0 0.0 1.0
0 0 0
0.9966970775353259 -0.010108506053527222 -0.08057762554150032 -0.6618664265
0.031348568960194424 0.9632063870871688 0.26692831078518275 -0.06767303497
0.07491463713246148 -0.2685726605219694 0.9603418782722446 -0.6593607664
0.0 0.0 0.0 1.0
0 0 0
0.9989588180677538 -0.040209970600969834 -0.021550825249760222 -0.6528742909
0.044872794664122605 0.9512373932250989 0.3051783970554766 -0.07839536667
0.008228736458779739 -0.30582769657862546 0.9520513157922236 -0.6470503807
0.0 0.0 0.0 1.0
0 0 0
0.9966626598706846 -0.07969527352366393 0.017669346266359215 -0.6565853357
0.0713331980105566 0.9555282111330037 0.28614229430573285 -0.09324400872
-0.039687747241167956 -0.2839269291683167 0.9580242072160655 -0.6452684999
0.0 0.0 0.0 1.0
0 0 0
0.9885202208163988 -0.13969495808467963 0.05755946249590644 -0.6650670767
0.11429209070025324 0.9405508201199947 0.31984601416145625 -0.09885773808
-0.09881847519802736 -0.3095956612378878 0.9457195332138445 -0.6347200274
0.0 0.0 0.0 1.0
0 0 0
0.9823499857782558 -0.17375470219236608 0.0692662176497517 -0.6722313166
0.13966757866054305 0.9276757758594437 0.34628113196459326 -0.1131254286
-0.12442456715842583 -0.3304950201585815 0.9355701837584485 -0.6152320504
0.0 0.0 0.0 1.0
0 0 0
0.9872065401498128 -0.14360635760407464 0.06928536022224883 -0.6761347651
0.11135465502607145 0.9319620933324282 0.345031588982028 -0.1262657195
-0.11412005910207358 -0.3329021938154345 0.9360303101200357 -0.5918545127
0.0 0.0 0.0 1.0
0 0 0
0.992420733854612 -0.11389633919484997 0.046137955454103305 -0.6435596347
0.09033566164423774 0.9307059590552845 0.35443742185931887 -0.1576491892
-0.08330999490319833 -0.34758314357430314 0.9339407920485293 -0.5411256552
0.0 0.0 0.0 1.0
0 0 0
0.9957490870273442 -0.09209651861376693 0.00140958981069364 -0.605645597
0.08407978511460616 0.9151077161553183 0.39434560675640745 -0.1787491441
-0.037607784025278354 -0.392550759892554 0.9189611283881851 -0.5063360929
0.0 0.0 0.0 1.0
0 0 0
0.9960370807903832 -0.08425981004974589 -0.028467843278904045 -0.5806757808
0.08858563572148087 0.911384983249041 0.40190794649019596 -0.1935165972
-0.007919522358867066 -0.4028370597630336 0.9152374470305952 -0.4862118363
0.0 0.0 0.0 1.0
0 0 0
0.9958645213553482 -0.09049908841756032 -0.007985618402715947 -0.5745873451
0.08633840319581249 0.9153822248543995 0.3932188481675402 -0.2117626816
-0.028276054167449088 -0.39228216555969037 0.919410227996469 -0.474670738
0.0 0.0 0.0 1.0
0 0 0
0.9898410053119092 -0.1371954701010955 0.037312024695108706 -0.5750038028
0.10963183899499843 0.9035980873727624 0.414115148690386 -0.2406752408
-0.09052979665106807 -0.40581756921063084 0.9094594308919399 -0.4438114762
0.0 0.0 0.0 1.0
0 0 0
0.9867072804413156 -0.15176751087252954 0.058097894692144436 -0.5795055032
0.11526691353161317 0.9056278680805613 0.40810746525976827 -0.2548342049
-0.11455252668098809 -0.39598584217041644 0.9110833833582892 -0.4270721972
0.0 0.0 0.0 1.0
0 0 0
0.9867230819676072 -0.15474274163429447 0.049317779997165544 -0.5808267593
0.12104417652240063 0.9031331665209134 0.41194513088507567 -0.2718850076
-0.10828604177067674 -0.40050613908080135 0.9098730492306216 -0.4025556147
0.0 0.0 0.0 1.0
0 0 0
0.9818243227592683 -0.16979523458851975 0.08479727324232435 -0.5779150128
0.11809789185598202 0.8963261474836929 0.42737843333071224 -0.2861560285
-0.14857283458787696 -0.40959616166178947 0.900087271976697 -0.3684689999
0.0 0.0 0.0 1.0
0 0 0
0.9777239204698288 -0.18689620193246909 0.09552876553334971 -0.5696835518
0.12720661869853495 0.8896409346654934 0.43858577670370563 -0.300917834
-0.1669563161440546 -0.41666391380910944 0.893597656347017 -0.3406949043
0.0 0.0 0.0 1.0
0 0 0
0.9756389333378241 -0.19419736245231314 0.1020590817712845 -0.5699453354
0.13444290343121615 0.8968752738554853 0.42135477790531 -0.3187682331
-0.17336025343895153 -0.39736900679747705 0.9011348927682077 -0.3282351792
0.0 0.0 0.0 1.0
0 0 0
0.9764939715511319 -0.1918051760226544 0.09833767322453618 -0.5641915798
0.13344193074680216 0.8962417772669248 0.42301764478563963 -0.3253741264
-0.1692713048418507 -0.39995181101270505 0.9007695455691176 -0.3211086988
0.0 0.0 0.0 1.0
0 0 0
0.9805279387873596 -0.18043073810063553 0.07752231940462115 -0.540414691
0.12825548124395608 0.8873128009166569 0.44297463229886946 -0.3366625905
-0.14871278623001272 -0.4244063407607116 0.8931762228887474 -0.2971063554
0.0 0.0 0.0 1.0
0 0 0
0.9854581107193837 -0.16213314137166493 0.05084443417266598 -0.5051270127
0.12059509853728903 0.878157348354629 0.46292169288071633 -0.3422877789
-0.11970436176749949 -0.45005834732812416 0.8849397435837726 -0.2726011276
0.0 0.0 0.0 1.0
0 0 0
0.9905959139295181 -0.13572097141542538 0.017307605963738787 -0.4755951464
0.11150617049052183 0.8741384412503073 0.47270324673205044 -0.3509312272
-0.07928498753661653 -0.46632799985261053 0.8810516938890601 -0.244572565
0.0 0.0 0.0 1.0
0 0 0
0.9935085863925374 -0.1136880800808299 -0.003963484809721085 -0.446230799
0.10135130221172564 0.8688015399522718 0.4846770034946452 -0.3548462987
-0.05165851628037279 -0.48193246894569747 0.8746842247757842 -0.2245699763
0.0 0.0 0.0 1.0
0 0 0
0.9950446004879983 -0.09346754731428468 -0.03391254397316396 -0.4151364267
0.0979806141397724 0.8637326136797918 0.49433366395448775 -0.3542769849
-0.01691278488223799 -0.4952068150428943 0.8686104811954549 -0.2109605074
0.0 0.0 0.0 1.0
0 0 0
0.9973149306724393 -0.05138375649610947 -0.0521789097833219 -0.3807345629
0.07048752316405618 0.866781209465717 0.49368192593546034 -0.3434432149
0.01986046666179225 -0.49603431785058705 0.8680757555527504 -0.1943019032
0.0 0.0 0.0 1.0
0 0 0
0.9962658123249437 -0.03192586829293671 -0.08021951212929512 -0.3641699851
0.06673233641378534 0.8742764753787621 0.4808195502223743 -0.3299932778
0.05478345068793539 -0.48437731525436967 0.8731422507230374 -0.1858415753
0.0 0.0 0.0 1.0
0 0 0
0.9944784852930265 -0.024665729153163993 -0.1020007063437817 -0.3622615933
0.06920421139800774 0.884825736265279 0.46075394037098216 -0.3288825154
0.07888801819077143 -0.465268759157489 0.8816471302839832 -0.1874400079
0.0 0.0 0.0 1.0
0 0 0
0.994557676605899 0.0001674371171656308 -0.10418733065535271 -0.335423559
0.04699914564820301 0.8917503760846351 0.45008037844506277 -0.3156894445
0.09298445145622466 -0.45252761100039374 0.8868893127497147 -0.1768137664
0.0 0.0 0.0 1.0
0 0 0
0.9854588943297434 0.05910489041129706 -0.159302791927411 -0.306794852
0.018568875702898616 0.8944722978459153 0.446737624609097 -0.3029802144
0.1688963126937049 -0.4431996393452015 0.8803681702803399 -0.1689054221
0.0 0.0 0.0 1.0
0 0 0
0.9746572786966015 0.09157934955433839 -0.20409902454186207 -0.2759390175
0.010233340438760445 0.8931570320852862 0.4496285075260103 -0.2956092954
0.22346916527163146 -0.4403223123710714 0.8695848396798285 -0.1541621983
0.0 0.0 0.0 1.0
0 0 0
0.9676586947066289 0.1022709245347743 -0.2306020566982561 -0.246254012
0.014121666153877784 0.8907387765934515 0.4542961703754939 -0.2954209149
0.2518674832202475 -0.44286012449486106 0.8604868860294703 -0.1567774862
0.0 0.0 0.0 1.0
0 0 0
0.9433054102321924 0.1594363614800099 -0.29112703355183406 -0.198757112
-0.012925173733844844 0.8940626475268492 0.4477554267468245 -0.2847725153
0.3316743024574334 -0.41860724902382734 0.8454348751702158 -0.1552578211
0.0 0.0 0.0 1.0
0 0 0
0.9109735235097707 0.23797833508227484 -0.3368880400009206 -0.1444179565
-0.06790463364983713 0.8921536552194802 0.4465991672712819 -0.2626050413
0.4068368225628977 -0.3839637580683749 0.828888190467771 -0.150128454
0.0 0.0 0.0 1.0
0 0 0
0.8802295214069639 0.276231265733508 -0.38586562100675864 -0.1134252772
-0.09908450200421572 0.9021827452099168 0.4198196704634919 -0.2443213016
0.4640886241939614 -0.33130436471130664 0.8214981234409446 -0.1516477168
0.0 0.0 0.0 1.0
0 0 0
0.8397487535327879 0.2901739723732623 -0.4589347412184553 -0.07531656325
-0.11538968100506132 0.9212865161106211 0.3713709422535703 -0.2270282656
0.530572570397 -0.2589019524643947 0.8071322856585808 -0.1535919905
0.0 0.0 0.0 1.0
0 0 0
0.8234891393864601 0.29609016764753804 -0.4839382707897775 -0.04495803639
-0.13348194440883843 0.930179480350208 0.3419776379417998 -0.2122262865
0.5514056653947101 -0.21701784939923663 0.8055153910464699 -0.1584498882
0.0 0.0 0.0 1.0
0 0 0
0.7902287479521845 0.32466308146714074 -0.5197426376988746 -0.01959510334
-0.16310474346899745 0.9289638776301524 0.3322994985194285 -0.1872368604
0.5907075152457734 -0.17782012706837177 0.7870480505290338 -0.1637621224
0.0 0.0 0.0 1.0
0 0 0
0.7402971589827068 0.3584972641758303 -0.5687177050000974 0.02657976933
-0.19733092111942663 0.9245650631108573 0.32594470642269224 -0.1546817869
0.6426668063408064 -0.12907035156557595 0.7551954848742457 -0.1730645001
0.0 0.0 0.0 1.0
0 0 0
0.7196776835638595 0.3511973765110439 -0.5989360854982088 0.07573846728
-0.1890270247396022 0.9291596770898525 0.3176965193205223 -0.1360189617
0.6680814439110335 -0.11542398884998402 0.735081279247205 -0.1683078855
0.0 0.0 0.0 1.0
0 0 0
0.6667137621988878 0.36271744360760694 -0.6510981611073461 0.09608571976
-0.21461653835522654 0.9300188920205181 0.2983363905884556 -0.1170949116
0.7137454033190158 -0.05916854390375392 0.6979015565631624 -0.1680520177
0.0 0.0 0.0 1.0
0 0 0
0.5718689493414586 0.40759045405181654 -0.7119241016744204 0.1249912456
-0.2610202072364179 0.9131397945496523 0.31312005209516103 -0.1063158065
0.7777109721441211 0.006762941346255297 0.6285856396951758 -0.1666653007
0.0 0.0 0.0 1.0
0 0 0
0.49739897508247555 0.4036882425709006 -0.7678737281590774 0.1506566554
-0.26343641656867794 0.9136230223365451 0.309667930987519 -0.1066168994
0.8265564191344453 0.04825739183435576 0.5607813389557365 -0.1564441621
0.0 0.0 0.0 1.0
0 0 0
0.44234651352179827 0.4032892064184196 -0.8010539170127756 0.1916024238
-0.27541881136439084 0.9111165769890845 0.30661223309307095 -0.1120700613
0.8535069070146625 0.08499646535059521 0.5141026751108863 -0.1275173277
0.0 0.0 0.0 1.0
0 0 0
0.345710466975205 0.40980114806069756 -0.8441251637476044 0.2216070294
-0.2831383907779127 0.9032199619104714 0.32253116450064256 -0.110793151
0.8946043397454988 0.12750184098506495 0.42828303241424304 -0.099305287
0.0 0.0 0.0 1.0
0 0 0
0.2653735056272698 0.41632925372425417 -0.8696245482991489 0.2270460129
-0.288833333296349 0.8948679379603347 0.3402744174743947 -0.1141247898
0.9198653206247169 0.1608767419611179 0.3577240078719379 -0.08415500075
0.0 0.0 0.0 1.0
0 0 0
0.23424599987077466 0.38943430242351035 -0.8907691820221754 0.2197887897
-0.30178052410929074 0.900126798571685 0.3141659780456996 -0.1127821431
0.9241522205853662 0.19522466695836144 0.3283747898334066 -0.07110255957
0.0 0.0 0.0 1.0
0 0 0
0.17768036416164035 0.36785041687955333 -0.912751751021561 0.2260720134
-0.3182705754283345 0.8991427923812565 0.3004098529099097 -0.1043125391
0.9312000477920432 0.23712509295807455 0.27683598263542397 -0.05822443962
0.0 0.0 0.0 1.0
0 0 0
0.14659008047661182 0.3536105527004751 -0.9238349015515298 0.2373092175
-0.30960204609255054 0.9034031298460472 0.2966637120371688 -0.1058479622
0.9394987607023048 0.24253321835004474 0.24190848814293986 -0.04337389767
0.0 0.0 0.0 1.0
0 0 0
0.14780335975228487 0.3493066364435981 -0.9252778180537977 0.2452903688
-0.3058882595530404 0.9058277306953699 0.29310150967009413 -0.1080106571
0.9405246086698362 0.2397102334898042 0.24073318102562247 -0.02247823402
0.0 0.0 0.0 1.0
0 0 0
0.15302090194320583 0.34975927573492077 -0.9242581092994917 0.2555824518
-0.3074890915174289 0.9056971378873264 0.2918272657249342 -0.1106156856
0.9391672173613566 0.23954361494326837 0.2461377548724235 -0.009166287258
0.0 0.0 0.0 1.0
0 0 0
0.14582307149188733 0.3161085379221319 -0.9374492114634287 0.268837899
-0.3040144123810352 0.9160459414708189 0.2616009751118198 -0.1194011867
0.9414408472576947 0.24685061346404066 0.22968218421797748 0.0002108469052
0.0 0.0 0.0 1.0
0 0 0
0.15217035481553454 0.3094345878659163 -0.9386662979715236 0.2818992138
-0.2993461970044748 0.9195480271138833 0.2546041636932184 -0.1296506822
0.9419320768793643 0.24224298062733518 0.23255601665515346 0.01753434353
0.0 0.0 0.0 1.0
0 0 0
0.17500385837494734 0.29740185660210655 -0.9385764674460474 0.2839444876
-0.29426313136294685 0.9255143170738578 0.23839559226584636 -0.1344210058
0.9395652500355439 0.23446830186814302 0.24948297806606945 0.04670229182
0.0 0.0 0.0 1.0
0 0 0
0.16997151489891832 0.2742071662375625 -0.9465305669163215 0.288506031
-0.30258219789185886 0.9286301794371625 0.21468582477060627 -0.1419644207
0.9378452418399845 0.249912824445784 0.24081088541764883 0.07167527825
0.0 0.0 0.0 1.0
0 0 0
0.17388498044727516 0.29693160848803646 -0.9389332422784689 0.2841219604
-0.30066615392172813 0.9239392416248395 0.23650822749247474 -0.150231421
0.9377440362171152 0.24118021823197677 0.2499364416662958 0.09577488154
0.0 0.0 0.0 1.0
0 0 0
0.16189142797767112 0.31680199965688316 -0.9345735169374055 0.28243047
-0.3080221687269322 0.9159705053263197 0.25713882815514993 -0.1628184021
0.9375038715227303 0.24624078944327368 0.2458698120840489 0.1209818423
0.0 0.0 0.0 1.0
0 0 0
0.2167057284130795 0.31085555142394933 -0.9254228511452853 0.2774009705
-0.29563806932579734 0.9243331074271051 0.24126010544527865 -0.1676539779
0.9303960227979651 0.22130777813503144 0.29220901440349856 0.1298763752
0.0 0.0 0.0 1.0
0 0 0
0.16170102588379165 0.30455192386201463 -0.9386697523091252 0.281917721
-0.29899045557610443 0.9215990452543908 0.24750738829495325 -0.1789925396
0.940455998812556 0.24063109827730264 0.24008162953324075 0.123873651
0.0 0.0 0.0 1.0
0 0 0
0.10712264007350844 0.31061788569776516 -0.94447936402461 0.3025185466
-0.29306212535717535 0.917605829234164 0.2685407470694486 -0.1995581537
0.9500733290987685 0.24802433598365387 0.18932669673094382 0.1334843636
0.0 0.0 0.0 1.0
0 0 0
0.05521595029264338 0.33117560787966044 -0.9419521832762098 0.3160587549
-0.2630708530141081 0.9148836464471155 0.30623788099785915 -0.2154782563
0.9631951646098055 0.23089094873807164 0.13763881960814428 0.1585837156
0.0 0.0 0.0 1.0
0 0 0
0.0643327275716622 0.34920347996749385 -0.9348359373396931 0.3129324615
-0.2752057923162194 0.9066580466373056 0.3197388908835258 -0.242692098
0.9592304582522349 0.2367025898599705 0.15443060549900833 0.1705781072
0.0 0.0 0.0 1.0
0 0 0
0.023982446863974716 0.38896802897929916 -0.9209390396081467 0.3122954071
-0.26901185886323586 0.8897365076170451 0.36878390258303073 -0.2633629143
0.9628382325361633 0.23889918259672405 0.1259750710309545 0.1869454086
0.0 0.0 0.0 1.0
0 0 0
0.0021962564108509997 0.395149845351936 -0.9186140518063715 0.3214828968
-0.26075322099347276 0.8870633263620737 0.38095460722372454 -0.2864662111
0.9654029905688644 0.23869489886001793 0.10498481346794353 0.2138243318
0.0 0.0 0.0 1.0
0 0 0
-0.03983374620248929 0.39733638167606417 -0.9168080892204481 0.3219338357
-0.2590745326973372 0.8820515205552614 0.39352954348283403 -0.2973382771
0.9650355740443625 0.25319738324620283 0.06780432099905909 0.214159146
0.0 0.0 0.0 1.0
0 0 0
-0.06731854353219559 0.4125934118557366 -0.9084243998208913 0.3303843439
-0.22846487391250858 0.8799236597236635 0.41657910946980536 -0.2968749404
0.9712219185566425 0.2355865648795725 0.035027922624636276 0.2273107171
0.0 0.0 0.0 1.0
0 0 0
-0.06246196365623388 0.46946721189832813 -0.8807377816629746 0.3181132078
-0.24989639587672868 0.8469946244652741 0.4692034712731254 -0.3080092669
0.9662558121036212 0.24940056752008327 0.06441321678531331 0.2362534106
0.0 0.0 0.0 1.0
0 0 0
-0.0942096966802762 0.5160489171456604 -0.8513624657947997 0.2958352566
-0.22840961239781063 0.821150517736788 0.5230113537820061 -0.2990824878
0.9689961723431585 0.243732111822378 0.040510191938715634 0.2336670458
0.0 0.0 0.0 1.0
0 0 0
-0.14283521528409135 0.5083658591184328 -0.8492127263280534 0.3025244772
-0.21749826697338348 0.8209150216629942 0.5280085520818962 -0.3109478652
0.9655530048310773 0.26012051147655274 -0.006686880502484005 0.2452830374
0.0 0.0 0.0 1.0
0 0 0
-0.1871594317170165 0.47865100471757727 -0.8578254850505533 0.3176943362
-0.19700729603436526 0.8372252119885788 0.5101392650246669 -0.3224019706
0.9623717953205981 0.26447525421773055 -0.062396854711398886 0.2650155127
0.0 0.0 0.0 1.0
0 0 0
-0.22543699217155208 0.46916708903486287 -0.8538503411764831 0.3185922205
-0.16349101766190716 0.8457650123220518 0.5078899793023617 -0.3384755552
0.9604420074655822 0.2540940504979061 -0.11396211562203473 0.2747524977
0.0 0.0 0.0 1.0
0 0 0
-0.26354217358172455 0.4625746269493083 -0.8465047177934264 0.3120575547
-0.17130460619974375 0.841137581627577 0.5129739765996537 -0.3570123613
0.9493156770213853 0.2802004341117616 -0.1424340622358622 0.2935957909
0.0 0.0 0.0 1.0
0 0 0
-0.27584864259543423 0.4858709983343432 -0.8293593306618339 0.3036866188
-0.21404942543737226 0.8101189911137028 0.5457930594161557 -0.375494808
0.9370647628889837 0.32808016278724494 -0.11946981600934892 0.3019483089
0.0 0.0 0.0 1.0
0 0 0
-0.3060734776804399 0.4707654524412135 -0.8274653557995167 0.2865588665
-0.2548691168975664 0.7969321388666992 0.5476686035306411 -0.388296932
0.9172571937643531 0.3785221985949668 -0.12393621608866656 0.3116888702
0.0 0.0 0.0 1.0
0 0 0
-0.319026350945118 0.4829107195116186 -0.8154872312816512 0.2726407945
-0.2665461047488826 0.7800013707124295 0.566172266832215 -0.4059230685
0.9094918149416411 0.3979888172643824 -0.12012301980327456 0.3237383068
0.0 0.0 0.0 1.0
0 0 0
-0.34269177479970164 0.4860943535080211 -0.8039120766428688 0.2570967078
-0.2913546226739413 0.7585425784904241 0.5828598806433877 -0.4173310399
0.893126436363383 0.4339647867105324 -0.11832046553376252 0.3304877281
0.0 0.0 0.0 1.0
0 0 0
-0.36457219707321875 0.47924162361456657 -0.7983824768345561 0.2469226122
-0.29068193691685995 0.7559737535053721 0.5865216923194415 -0.4417956769
0.8846418058578677 0.44590486676674995 -0.13630012884167853 0.3396157324
0.0 0.0 0.0 1.0
0 0 0
-0.38020552363511095 0.4795992914435735 -0.7908402363588827 0.2357123047
-0.2737314649697765 0.7583990518034682 0.5915251163806152 -0.4586155117
0.8834675120698277 0.44137897307237295 -0.1570660919699931 0.3640238941
0.0 0.0 0.0 1.0
0 0 0
-0.39943756294942334 0.49004178807461996 -0.7747958952173502 0.2290243953
-0.27563842660209514 0.7418439210852331 0.6113027519398287 -0.4699886143
0.874341518564312 0.4577408029545932 -0.16124598049296435 0.3802789748
0.0 0.0 0.0 1.0
0 0 0
-0.40707137818033395 0.4910941563019739 -0.7701424691006308 0.216942504
-0.2819966058790477 0.7344025569584767 0.6173579177475157 -0.4869379997
0.8687754642823776 0.4684863007377096 -0.16046737575605718 0.3862827718
0.0 0.0 0.0 1.0
0 0 0
-0.41331333502790973 0.483871637021404 -0.7713885700309105 0.2067997158
-0.2815121224319499 0.7377335063787627 0.6135961200088823 -0.4995162487
0.8659809536080832 0.47076269229020534 -0.16869936436072253 0.4007983804
0.0 0.0 0.0 1.0
0 0 0
-0.4251990875709774 0.4604029023517921 -0.7792527853237706 0.1925407201
-0.2995298245472617 0.7408680403538959 0.6011625661905977 -0.5098370314
0.8541004742625397 0.4890232246920634 -0.17711201420649225 0.415007621
0.0 0.0 0.0 1.0
0 0 0
-0.42784717572474223 0.4469194202116277 -0.7856270273240757 0.189011395
-0.318972486219448 0.7386168095819008 0.5938869939963648 -0.5238305926
0.8456969594715034 0.5046862792277563 -0.17346011731777877 0.4190275669
0.0 0.0 0.0 1.0
0 0 0
-0.4455627494743084 0.43290178990093875 -0.7836261076441103 0.1858242899
-0.3298369644872048 0.7343617405011977 0.5932288015141528 -0.5365843773
0.8322748423079732 0.5227895125082515 -0.18441722390444903 0.4225924611
0.0 0.0 0.0 1.0
0 0 0
-0.44714260337172285 0.42874027462757963 -0.7850129101882506 0.184995994
-0.3446251618821868 0.7273021104918526 0.5935192818028525 -0.55111444
0.8254071662201845 0.5359229580698748 -0.17745307257413256 0.404654026
0.0 0.0 0.0 1.0
0 0 0
-0.4486083016819069 0.41690810778692117 -0.7905303418108658 0.1890261173
-0.3559788009335028 0.7279846792987625 0.5859329313088859 -0.564625442
0.8197741670411558 0.5442664203933647 -0.17816952232122185 0.3842974603
0.0 0.0 0.0 1.0
0 0 0
-0.45324770961606575 0.41944423305622547 -0.7865322937322187 0.1802233607
-0.36035008251645717 0.7208370365508905 0.5920656929487745 -0.5604225993
0.8153001482633085 0.5517793962195444 -0.17557097183026038 0.353138715
0.0 0.0 0.0 1.0
0 0 0
-0.41658635408169187 0.4204926877555433 -0.8060035416405084 0.167849198
-0.38814030760922463 0.7194602232091171 0.5759549364567543 -0.5610272288
0.8220723272327929 0.552777429680343 -0.1365071501206202 0.3340230882
0.0 0.0 0.0 1.0
0 0 0
-0.4016956728265537 0.41110065305979976 -0.8183134115277768 0.160361588
-0.4075061187942111 0.719989003197178 0.5617424662782871 -0.5707179904
0.8201093522071925 0.5591172402358384 -0.1216904355048457 0.3091130853
0.0 0.0 0.0 1.0
0 0 0
-0.37093156965813623 0.4001138462457571 -0.8380445576897314 0.1381109953
-0.4179502447158572 0.7339373062949959 0.5354004327327355 -0.5712888241
0.8292932916483203 0.5488578508784145 -0.10501283710205012 0.2870569527
0.0 0.0 0.0 1.0
0 0 0
-0.3691892849833194 0.3814540214059006 -0.8474621533772301 0.1044869497
-0.40705725251476516 0.7533878900711617 0.5164407809897027 -0.5662635565
0.8354661363745607 0.5356300184337972 -0.12286911053626937 0.2585537136
0.0 0.0 0.0 1.0
0 0 0
-0.40706021929521596 0.3717134493065493 -0.8343447066242811 0.07141688466
-0.39914054514023894 0.7492306102713339 0.5285265535974493 -0.5592201948
0.8215770220085779 0.5481629358476108 -0.15661606772756287 0.2234224826
0.0 0.0 0.0 1.0
0 0 0
-0.41021288141914375 0.3618921736958292 -0.8371137596142542 0.04325983301
-0.3908829012440482 0.7595460309012934 0.5199042070007965 -0.5513297915
0.8239756971129908 0.5404848578450642 -0.17011810311475284 0.2055155486
0.0 0.0 0.0 1.0
0 0 0
-0.35635360273372263 0.3552709756549262 -0.864172808919543 0.03007231466
-0.40858765978257244 0.7725184034537083 0.48607760758826823 -0.5451176763
0.8402786645465282 0.5263058523164363 -0.13013037971731478 0.1932584494
0.0 0.0 0.0 1.0
0 0 0
-0.33730603014505506 0.36632004823228803 -0.867199091495648 0.01476617157
-0.4200149875407947 0.7658558710397134 0.48688006226904357 -0.5344103575
0.842503443475983 0.5284641965706814 -0.10446789302946125 0.1716893464
0.0 0.0 0.0 1.0
0 0 0
-0.3469060186525342 0.37759939799606423 -0.8585306685585887 -0.01629275456
-0.4123649249833904 0.7607477574778021 0.5012165381708169 -0.5207009315
0.8423843439108365 0.5279029684757466 -0.10819922831704754 0.1577336192
